9.606489
9.518377
9.186917
9.519265
8.990828
8.992042
9.519386
9.185259
9.520022
9.529660
4.818970
4.896637
4.728769
4.897380
4.742882
4.748947
4.732189
4.894814
4.729584
4.748667
3.223023
3.209684
3.207723
3.205871
3.205045
3.205587
3.206713
3.203028
3.206348
3.203299
3.971468
2.431656
2.432100
2.413852
2.430275
2.431881
2.413532
2.439817
2.451497
2.421122
1.943467
2.918796
1.941881
2.806147
3.005491
2.115044
2.377373
2.043109
2.327721
2.059332
1.738104
1.874506
2.105379
1.914803
2.561971
2.366331
2.385544
1.718563
1.601414
1.633822
2.194620
1.663011
1.886450
2.175182
2.104284
2.028174
2.095607
2.193733
1.844159
1.679263
1.934305
1.889277
1.961747
2.044891
1.902733
1.856362
1.818247
1.949695
1.850696
1.982901
1.811767
2.106966
2.209775
1.589520
1.968254
1.834216
2.026411
2.100289
2.044056
1.712401
2.031429
1.772578
1.691999
1.727560
1.735918
2.530409
1.813700
2.777283
1.492227
1.882105
1.809496
1.723156
2.042319
1.966793
1.536918
2.104978
2.036638
1.799764
2.165541
1.836758
1.855605
1.698020
1.902696
2.111726
1.662534
1.862984
2.341713
2.159756
1.871031
1.644743
1.800122
1.927406
1.434579
2.175394
1.818813
1.968228
1.578952
1.746655
1.990102
1.939771
1.820200
2.269341
1.763718
1.976453
2.073920
1.914962
1.855881
1.698642
1.954104
1.683108
2.002314
2.081155
2.269107
1.993247
1.541436
1.696882
2.053406
1.506681
1.535811
1.659891
1.832390
1.538744
1.708316
1.858978
1.798044
1.824708
1.853174
1.963022
2.039285
1.882739
