1.946400
2.040286
2.055107
2.009847
2.059580
2.047928
2.059472
2.315942
2.129291
2.171252
2.059430
1.990259
1.651226
2.230044
2.075527
2.249806
2.132092
1.899398
2.004620
2.117828
3.263354
2.046441
3.119918
1.859994
3.262272
3.589320
1.966935
2.074343
3.390502
2.416762
3.176570
2.696120
3.420050
0.860872
2.830552
2.904374
1.915674
6.000391
6.335008
3.128851
3.102105
4.643921
2.060003
1.233855
1.314113
1.023756
1.672282
2.540742
2.339296
5.223805
2.427741
4.743205
0.579697
1.864402
1.582597
2.400126
4.629439
2.815287
1.454602
1.721754
1.796966
1.844068
1.902387
4.302031
4.366206
1.523823
0.963686
4.762760
2.173593
4.462613
3.257216
2.020526
2.218188
2.197888
1.403793
2.528725
2.616561
1.810313
2.012216
0.962660
